10000
1850
4482
1663
7610
4258
7676
944
7677
8358
5797
3967
2217
9759
7934
7728
4560
5026
7850
7921
6640
9699
1580
1016
8692
3038
6837
8609
7830
9873
1296
3423
4463
8968
3579
848
6620
8233
1079
2261
6396
6610
9084
1703
6685
2457
5283
6520
2920
7278
7286
9030
6683
9383
317
892
9795
9185
9203
1930
1046
205
715
6692
483
4431
2019
1474
1802
5484
8166
4251
5611
5966
8797
3525
3209
3662
9032
573
470
1806
2237
5866
8522
3013
2229
7881
5705
2190
9548
3023
1535
3076
7909
8372
8534
9491
6996
4204
6039
9666
383
3422
6678
5879
4590
5438
6272
2420
64
7746
3328
2003
3349
8691
3749
9871
7484
8985
5929
3679
3765
1040
3087
9051
6427
3498
7266
5846
2104
4317
558
590
5837
7794
8254
8345
4309
3224
8052
485
6346
5458
6048
3112
6795
9943
8782
7757
8031
4426
7259
1991
1800
1218
3389
1641
190
101
9974
5077
5825
9637
6621
2620
8902
2184
3913
5135
7551
9904
7956
2157
4784
1287
2130
8041
1116
2333
502
6652
52
1762
2370
572
2274
2922
830
8172
9149
115
6081
6819
7133
340
7852
5593
7524
9100
1721
35
5078
5203
3590
1494
25
5060
3567
6428
9397
8093
3910
1441
5926
8800
2923
2410
4727
1924
1898
3728
9343
8536
163
8777
5449
7736
1871
768
9206
910
9102
26
9499
9971
1630
8700
3698
2335
145
6701
7205
1770
3333
2941
4655
8558
6305
9947
4023
4507
292
8641
2314
2225
286
4545
7339
6722
2670
7153
7201
5492
6353
8893
9223
6175
1351
1026
5561
3329
4820
4195
7443
5485
2964
9718
3840
7470
6572
711
7810
9866
8516
3558
6406
8144
1354
6232
8827
3309
2525
2282
603
4519
9337
3953
6811
5452
7307
6639
9142
3365
2258
1643
972
1863
4341
9001
5662
2839
111
4969
7073
297
5938
7164
3962
6745
1693
8298
8539
1335
2134
4196
5655
8447
1498
1323
5900
6386
1089
1145
5122
7735
5282
3257
2406
7433
358
8432
6188
969
1582
823
8212
6708
3878
3854
3929
6898
3601
8375
2624
9919
9087
2257
5694
6266
9620
3063
5855
6052
6725
8971
1256
1692
6950
9794
9611
6092
5338
4521
1843
754
3818
8156
8489
1013
3393
6139
8721
9298
2279
9428
5525
1067
4579
8920
5700
9564
7569
245
3332
8958
5739
7879
8401
6018
3334
8123
9665
2404
677
3885
7787
9077
9025
4803
1531
6505
4856
5123
9241
8120
7400
2099
8462
4486
804
7917
963
222
6212
365
9664
1094
1366
5585
1136
9302
8406
6453
4479
2009
8666
4475
1681
5861
4692
5143
2710
564
4420
3992
7374
563
4213
6684
9748
950
3786
1109
6816
7064
4493
5442
8329
8742
2197
4179
8475
8583
7720
5983
1782
9809
6496
7805
6939
9661
8139
8767
6580
6378
2460
9862
2182
9992
9243
1289
9470
3403
8327
7001
9677
1400
9509
8634
3208
1744
3311
4967
7630
7039
6380
6172
7166
1372
9907
1304
2180
2589
4059
8354
3374
4387
14
8995
7683
8605
3720
6211
5261
9127
2650
1229
8476
4130
7416
8216
4015
9864
9211
1003
8960
958
8433
8646
505
3121
8930
8726
1716
1780
7983
7225
4565
5152
125
4202
9950
6779
3414
2995
9600
6560
6559
1059
6087
851
8994
8546
4272
7912
5155
5500
5842
5903
5330
7857
596
3680
8790
7081
3033
7833
6173
4904
8448
2488
5798
8217
5961
3183
5543
2080
7158
7137
6648
777
6899
3912
3972
1238
4398
1078
7608
2600
6138
2011
9987
2114
3519
8219
23
2751
5769
2212
7621
2742
1254
1121
560
9706
3682
138
1029
4008
2494
9049
7724
6268
8627
2479
6130
7851
4618
7770
6983
7049
829
9409
642
9855
9903
9226
712
338
3303
4621
279
9168
1929
6945
706
9310
8671
6060
6958
9967
8730
5432
1272
9089
9793
4818
7435
4494
1544
4525
1553
3483
724
4558
3690
3851
2993
2819
3109
9181
1326
8770
5181
1030
8984
7910
3256
5741
6281
4797
6931
8729
9469
8991
6997
4264
7819
2867
9618
185
771
9956
8751
8648
6672
1714
9304
15
6856
720
8047
6709
6767
2868
5718
8145
4707
8932
3421
9019
9623
6754
3944
8283
1455
8242
2419
7248
1064
5918
740
1577
1884
8064
9695
4999
695
5099
7885
619
3906
6042
1077
2876
1847
9058
9630
1419
533
4140
2760
4282
4541
2339
8263
9138
1039
7611
8150
1041
1211
9622
8045
9212
9594
3798
3284
9380
3097
5380
7593
8879
6869
6456
3016
9740
7865
4894
8811
8600
9366
3405
5489
4215
8566
6441
5423
7459
1603
9473
1765
2779
2471
3895
293
6432
3507
216
9547
4401
5301
2593
9879
2634
8663
8519
8303
815
8688
9845
7375
2583
7098
2055
4946
9696
6791
9222
6554
813
9198
5670
2836
2888
2401
1008
9180
6294
5057
5597
946
2635
1959
6358
8412
480
4833
3404
2770
6834
709
656
4484
5529
321
5427
4501
6555
7163
105
2840
1332
3230
5210
8905
8190
5840
8825
4082
2981
4605
6511
6567
6096
4509
9004
7174
2054
9922
8404
2788
828
4569
2869
3744
9376
1916
9962
5093
7013
9722
7978
254
1144
6714
2958
1905
9323
2783
9412
702
5081
1349
6251
257
1156
2817
1569
6686
4385
3899
3314
4646
2440
3855
7178
5720
5373
8454
1637
9681
5664
1987
1640
4555
8954
2148
5939
8299
5091
1122
3182
4547
268
8603
3294
448
8890
4696
9969
5066
4535
4625
8487
2292
3005
7472
8813
1601
970
155
542
166
1043
1376
9536
5336
7489
9113
3465
7505
2765
4094
1655
5253
4898
1357
2646
4143
3435
7648
239
8029
4415
4567
4304
1579
9209
6371
1198
4497
3449
7933
9147
5831
907
9431
4594
7776
6974
7846
9235
3704
9369
8215
7510
5477
1776
5978
3669
4627
3477
2365
4091
5951
4205
8555
3381
4842
1396
4016
246
4919
5158
8213
9741
7206
4075
6667
2666
5132
4638
9917
2943
1739
4088
5430
9422
9421
4749
6705
1451
3186
5460
5131
7405
5105
9754
3073
7207
230
5924
7308
2447
3443
8188
7744
7514
1818
6373
4791
3934
3629
8110
8226
4549
7296
2550
3316
5711
1325
8036
1035
4677
4180
2663
2328
6814
6181
3373
6820
5515
5946
8739
8422
5079
4239
5651
616
509
857
9307
4548
8629
6895
840
7609
1186
6693
1126
1683
3578
4259
7702
4515
884
3392
1086
8067
1746
407
2884
2514
4352
1266
7586
118
8714
1691
7408
9876
5919
4451
7304
7845
5600
8022
727
8069
4881
6546
9009
5661
8839
6528
6604
1514
7643
4970
5030
9940
6510
2462
9773
3770
1031
6474
2132
9566
2756
7759
331
1592
7464
3077
3797
4826
1101
744
2948
6614
939
632
8685
5536
6653
7235
3118
3742
8400
7755
1769
927
3099
3220
3057
6727
3441
1000
3430
9326
9714
3541
9890
5498
243
8508
6966
9506
3218
1701
4911
9656
4399
5000
1673
5053
5306
4964
8338
1363
8977
6478
5672
382
282
2068
7029
455
5874
3811
3244
5575
8946
7332
1869
2711
2569
2084
4657
3004
7642
3852
9678
4045
289
3376
3624
983
8917
7515
6647
5405
5858
2837
3950
4203
833
1239
1314
4812
1153
1168
7838
7614
5328
6401
8407
9577
2306
7818
2843
1965
7337
4208
3510
6697
8491
2775
7393
9524
8886
782
1840
9003
5195
9945
3844
3315
6455
7462
2390
2474
3763
461
8414
6782
2129
5504
9264
4156
4608
2334
3773
9349
2937
5424
5410
9954
6874
1098
9340
9182
4811
8149
4388
7077
3370
3595
4909
7954
8871
7661
6448
3160
6839
511
4656
5553
3419
6867
1181
4027
6724
1023
9195
2286
9926
146
2022
2239
258
9035
6492
7239
9905
9520
2984
9251
4644
4557
2999
1403
8988
5702
2515
1606
8598
2017
6163
8830
7931
6329
1619
1461
2571
9993
2301
2394
6127
2298
3408
2318
8749
330
780
7765
8238
6049
9083
5126
976
1050
3926
8659
50
2242
3759
5067
6225
5114
5697
2267
181
3489
2930
5629
415
8262
6021
8909
4276
9031
4021
4872
2276
7479
180
4353
5161
9764
8027
826
8895
2463
7219
8745
2619
1925
769
5278
9202
1232
8537
3046
532
9608
2236
56
1312
5721
7369
7914
6723
1750
5916
4491
9353
1138
1537
5696
5982
9453
6085
683
2971
6499
7730
5416
945
9122
86
952
3015
10
9816
137
569
3006
1261
7368
9204
5494
8050
1300
3630
3287
5285
8974
68
5353
8888
9144
7613
640
9390
7573
779
3049
4125
9167
7138
7579
9761
1265
7952
3488
8869
2661
6104
202
9685
4597
7131
7695
2396
6434
2106
2244
9777
6828
5364
122
7602
3067
9478
417
195
7975
8402
1313
8386
1697
1329
9771
260
5545
8080
2617
5972
22
873
5698
8630
4050
4031
5725
9617
4850
4106
8416
7272
7804
1377
5562
2108
7822
9344
3990
4681
2246
8950
1740
508
8771
2477
8360
8364
6903
1478
1890
9240
1677
6506
6578
8146
3377
2345
1797
2539
3367
7741
378
9612
5133
7811
967
5937
4930
3362
1293
2465
3577
387
6010
6011
5756
9014
4988
6915
6999
9459
3150
3575
8331
1985
6279
6994
3251
3325
1861
8611
2139
4591
6297
7463
5736
6419
1718
9804
9508
9885
2917
575
4252
7617
7480
6787
9767
1982
3117
2473
4767
7045
7660
8019
5393
3132
2693
8807
5940
7031
3468
6103
3259
820
4907
2245
5955
8816
8852
3094
6466
4658
3616
2380
6901
2452
658
5992
3346
2489
2653
3058
3782
5243
8250
6384
7388
7690
530
2560
5293
3253
1882
4166
3165
9655
9060
4955
7012
1051
1921
3839
3528
6623
6706
517
1316
9046
5113
5632
7882
363
5805
8336
4177
6383
175
4407
4774
5277
8198
6879
2391
9588
6801
3504
4846
8731
3687
3898
9532
2636
7866
5960
6403
7935
3219
2504
7245
4947
7718
629
8937
5864
6613
9978
7354
456
3321
7187
6133
1397
2372
8719
2505
3217
8899
2881
8904
6769
9710
757
1140
9333
2502
4529
8973
615
325
6962
6094
8618
9878
426
1748
9799
1338
5312
8901
3772
9712
4073
4837
9440
500
9826
189
926
8420
10000
8792
1028
4669
2269
8471
2907
4102
2983
6411
5431
688
8274
284
9448
870
3388
9262
9286
2427
8961
7042
4661
8873
5715
4492
3506
2759
1042
4164
5324
5224
9880
4650
2602
8356
7011
7763
4755
2456
6731
2375
1092
5008
5260
4421
8640
9107
444
9462
5934
7086
5556
8947
3265
368
7691
9605
6495
5244
8048
9
1771
3756
84
8793
4923
5722
4334
745
5072
5381
3159
3860
7737
2079
6160
7793
9351
7743
9151
807
9157
7932
8563
9745
6889
3605
880
8900
1207
8014
5342
5023
1625
9670
5786
6979
5608
3572
6348
5031
6122
816
5533
1816
9591
6362
1938
4001
847
2807
9081
5704
9553
1141
9133
3928
3963
7839
719
3646
9641
6445
6323
5571
8439
1195
5233
7826
5349
7789
2131
9918
4065
334
2875
9346
9179
3719
4487
8808
6696
6192
2008
1735
6908
1350
9173
6400
385
7072
3225
5614
8913
778
4690
3472
8509
9256
2326
3162
5001
6991
5854
9991
7415
3466
3707
1956
3461
8824
4042
488
6437
7692
9960
7575
2748
8473
5104
9984
1533
3288
7546
7494
220
9838
5165
9430
3448
1148
1333
3017
9634
1053
2686
2574
2511
1709
6561
5719
7185
9266
2704
5045
1367
5495
5902
772
2622
4917
1106
6921
6275
6829
6970
2347
9891
7572
4457
6179
8465
1749
7908
9895
5118
5776
4323
3301
9751
8820
5967
2052
5041
4320
5717
4659
9654
6880
1695
6115
2794
5326
6617
6248
9756
6079
7326
2033
213
7265
5794
8280
7444
1510
2448
5281
2281
2986
5587
3922
9738
1799
1972
3675
3505
3868
3917
1424
3356
4972
6893
1722
8601
5037
5450
630
8697
5020
9252
6319
6165
1160
4324
7711
4607
8643
2904
3755
3543
6343
1398
7554
3180
1081
5668
1093
3491
5630
6027
2430
2024
5675
2273
9964
2446
6033
1115
6514
6168
8747
4171
9199
6431
9484
1886
9042
7414
9652
9828
2107
943
4128
3678
3440
6936
3853
2413
8107
982
7070
7246
9883
4346
3827
8437
2831
9980
9760
8173
7175
3961
3923
670
2436
2509
3290
854
2492
153
7863
8557
2416
7373
9208
1433
8307
8849
1155
3908
3984
7287
3096
2189
8421
2556
8076
7276
5968
9056
5644
2628
9465
9257
3168
7114
2253
7701
2438
4944
5612
8304
1849
8376
8743
1910
1845
2558
717
7176
1379
576
3396
5314
528
5313
2892
6935
5202
410
9533
7003
3397
1237
18
8044
5875
1340
5033
8788
4318
159
3167
4874
9017
2970
2478
9530
714
3174
5508
7855
6661
108
1609
7122
6518
1249
2323
9161
267
3650
6732
4057
860
2300
9734
1784
425
7635
9861
7311
9402
4914
5059
9977
1562
7507
8133
8410
4531
1827
5299
8679
1540
6374
6276
3758
7501
7189
3836
2998
5872
7836
928
1210
7971
6576
3641
8002
1457
3927
1320
8498
4747
9213
2216
7075
5027
4934
1187
9580
6171
6140
2397
2158
6894
6965
9155
1131
9059
5520
6334
5083
8795
4523
1080
69
1502
8147
1438
3553
7562
7322
1789
9255
7548
5403
4781
3564
7107
5402
3835
6410
7358
1993
8086
1215
9191
8135
5272
5208
2847
4816
6756
7786
4278
3916
2812
975
797
262
4167
7057
5141
612
6194
9274
3169
6737
7002
4146
5087
8245
4556
518
4854
8206
9482
6532
6830
2289
8408
1409
5713
2641
9805
2697
119
7348
1651
4645
2603
1358
8982
613
923
4275
1894
8814
1520
9531
5371
7244
9458
8101
9115
2263
4619
9356
4206
4836
4949
8727
7504
238
8468
6043
7180
200
2377
2049
9632
3808
357
8165
7541
2188
8938
1015
7231
1068
2284
6815
7637
7612
8594
4905
8908
591
4490
8817
4610
4340
169
3045
8460
9542
1103
2668
4139
7994
2480
5601
5772
6443
6244
5404
2640
5548
4481
4863
8802
4601
8264
7353
3245
6868
9757
3956
5785
9510
2138
2293
6058
993
7334
2720
8776
4270
8507
8662
1505
9447
1110
7970
2879
41
9717
4718
7392
3940
9823
809
9669
8616
3495
9097
2601
7862
7402
6413
6306
355
5270
4633
2753
7583
1469
7782
2996
4585
5250
7105
126
7390
2047
9434
1607
9658
4544
4704
4315
5172
9931
4782
9297
242
2963
4178
3709
4253
5355
5695
9639
8055
5963
4424
7930
1646
5936
6061
2652
3340
3666
1830
7465
7290
6470
5339
5848
8006
3571
5470
4667
2682
491
1594
9385
9728
9640
1460
2118
1574
5239
1864
9749
5560
5531
3540
8529
957
9543
5236
1676
3464
8286
7017
8789
7560
2069
249
364
3387
2290
3438
5151
5829
5287
9335
3713
3948
8590
3455
6109
5010
580
4589
3235
7638
433
7111
1495
7335
6932
4344
2433
2443
7688
7665
8323
7418
3156
2614
2572
792
8259
7958
8775
9474
495
7100
80
1443
7270
7817
6485
5359
9843
7310
620
2405
7801
7264
698
5977
123
3350
6914
5964
2053
7321
9104
8068
13
5796
6263
947
684
1977
7211
5205
4284
7171
6291
1083
4300
5634
544
4274
9418
9078
9683
9753
4686
9016
8302
2885
651
8967
9193
6240
1032
9086
1955
2538
1163
9817
8377
2579
2966
9021
547
4408
4430
9443
738
2205
173
1700
5095
3232
6836
5759
2091
498
6498
9205
7600
7973
1231
8469
3951
388
1737
7454
432
995
3593
4200
7766
7847
7654
7727
9269
7959
2172
9106
5491
5092
8761
2218
1904
690
1917
4586
3210
8987
4343
9776
9105
1096
6751
4183
5993
6235
7062
1243
275
2863
7986
868
4116
8965
2960
961
4445
9808
3614
8075
391
8369
1054
8154
1401
1616
5466
5052
228
5036
3394
6630
3503
9099
1684
5501
9439
3363
7367
9881
1224
6398
5051
1177
3861
5564
5788
1605
2227
2105
6187
1933
5627
4127
1973
3492
1883
3998
9357
2671
3172
6526
2483
5868
452
5654
1374
5372
1906
7785
4155
6488
7511
1885
2766
9227
1346
4678
3250
7008
5367
7363
5744
6719
5472
4936
5658
3475
2450
2112
9933
4009
3875
1322
8597
7813
6770
5592
3981
9438
5044
9970
7449
468
8057
2578
5040
3277
33
8314
5962
1025
7357
1943
6461
8571
9755
9228
8610
4024
2381
5779
5758
9672
5726
4699
438
198
681
7372
805
2208
8531
704
764
2346
8119
4464
8801
349
513
3966
2967
4823
6728
9229
647
7397
8925
8488
5774
3644
8625
7721
8540
4310
6608
7831
5609
6338
3791
9091
5388
5021
8158
3945
8005
1292
7734
1212
9358
4058
4112
9294
5003
6907
440
6424
6992
5891
7495
5080
3386
8912
6381
1174
1791
2265
818
8836
7760
6944
7843
469
359
9146
7774
4971
3623
7331
593
6755
574
8693
8072
2660
1281
3975
7301
3708
4172
4053
7232
1345
3147
7502
4174
2698
4843
883
6521
3664
4441
7058
8724
8195
2219
4432
2357
7026
2654
2383
2135
3107
3335
7790
3677
3865
9011
9444
81
4405
1234
1285
4444
8381
9143
7984
2425
9259
7832
9768
2211
3205
2252
1964
9479
2899
2728
7598
5356
918
9153
3699
5175
4533
7752
3426
3258
4222
5566
7257
7748
7124
1071
3345
3521
4330
1490
6046
3264
5163
7197
4822
9170
4814
43
2895
6691
3494
4676
6666
4636
6733
2382
1728
1825
5804
2787
1725
9758
3297
8312
859
6064
2705
4550
7853
8269
800
7913
3732
3280
3816
4828
8004
6435
2856
4734
5188
8241
6078
1819
6265
8621
2949
9526
838
1172
9716
6858
2576
7243
1966
6352
2021
5921
6949
7897
8458
5959
2712
1146
6250
4957
3479
4703
7460
2782
2089
6020
1571
8763
3126
7747
4564
1608
2873
971
5384
7312
5386
9811
1657
361
5602
7156
4032
3717
8773
2598
370
4056
2905
1907
7065
2014
2344
7151
9258
2613
4950
9599
9316
6053
1373
3108
7218
9029
4860
9281
6654
6098
6089
1554
6417
450
8459
1019
1842
6151
7091
1996
6929
3924
6177
1191
6438
7486
5435
4228
2938
9498
9973
1503
371
7669
2493
5660
1669
3467
4546
1604
4651
9061
9342
5844
5473
5480
2388
4653
8614
4470
9413
8138
9410
3996
2994
1219
687
9645
2793
3602
4672
9516
7864
2028
265
3513
8752
6746
1037
8658
7545
2056
4844
9584
4798
9774
3562
9295
259
1672
2340
5119
4726
4377
2330
5290
5640
4012
9454
5799
8492
9983
4199
3790
5801
5781
8848
6557
4109
2232
7149
3807
1129
7842
5885
7533
2296
8342
4984
9403
4198
4488
210
2684
6687
5582
1488
7756
4210
7032
6318
9657
1828
2025
8740
4913
6853
8928
5429
9400
4462
9069
5157
7104
53
9158
87
7658
7680
3193
3161
9806
5815
4006
3509
8059
4265
1192
8382
2402
1652
7317
3446
2065
9331
4649
2953
913
539
9037
2582
5100
7667
763
8137
5004
4010
1650
8853
9020
9990
9314
5641
4538
7019
1822
9406
7781
9098
3304
7214
2694
735
3204
2675
6137
8837
4327
4896
9915
2834
6370
2841
3410
2669
9178
5414
3991
9810
6261
324
5024
2454
6110
839
1839
7349
7275
8518
6857
9995
1185
6013
6440
9129
6292
6287
679
989
2801
4191
4035
5519
6460
6517
4391
8290
3324
2342
6609
4835
2285
2037
2691
3037
3473
1622
3129
9044
3738
2103
7129
8772
3153
843
8200
6449
451
7280
7694
7568
8281
6589
2521
921
2633
9902
1228
5463
4153
5755
5214
3231
8812
298
486
4336
1262
9830
2268
1459
2020
4129
4077
8167
5216
8850
7215
2773
4268
3066
7250
773
299
244
4938
9371
1671
3401
9263
3620
7896
1723
9541
9955
5577
8311
408
3781
3820
5303
4574
224
9668
4216
6101
6430
7118
2850
3379
2092
439
5401
2179
5061
7631
7145
2854
4806
8315
2036
2386
2692
601
7716
3767
73
6459
1633
6953
5145
3010
3904
552
6818
9998
6690
6904
529
503
555
4389
8637
1999
9976
4328
3700
4133
7355
7457
7229
9848
459
436
4434
6985
6847
6325
2946
8357
1044
5387
6598
9359
7681
5809
3978
6376
4122
7584
8384
8868
9057
736
1095
2241
6006
916
2177
6720
6615
7162
6426
2808
8405
1005
1988
5334
7764
1612
1979
6065
7581
4359
7675
6509
1945
3743
5062
6123
3622
1896
6862
901
5689
7198
1967
9911
2900
5733
3269
2005
1070
7873
6911
5552
2944
3903
2573
301
4288
7285
7710
8732
8413
4157
7050
8395
3545
5810
1021
2527
8828
8099
3261
5418
1308
9818
7121
9688
1623
2361
9392
7812
4404
379
3025
3197
6114
1217
6930
708
4790
7386
3113
2585
1073
7561
6872
2597
9190
4572
2713
2441
4160
2740
1492
3478
9727
9119
27
5499
5528
5444
2567
6881
7054
1009
7177
2549
1339
2202
3080
5284
6273
1702
879
7034
2591
8285
8882
9230
9189
1670
8164
8428
5185
7411
5890
863
5558
8943
6280
4422
6047
2048
9214
2459
466
1893
5265
8484
2931
295
2207
1112
7471
5461
3360
5391
170
5437
9238
6878
4063
2224
8505
1590
9539
6121
5058
7282
1892
2925
627
905
112
8864
5734
7967
5258
3
1087
2137
3643
4723
5745
4980
992
6156
482
1530
9853
6368
7167
7469
6540
3848
9372
6465
5828
9551
1909
2159
4306
1711
2117
1506
6190
6792
1486
5446
3512
7717
2491
2364
6479
58
3429
7493
7966
7566
1649
2810
9254
9662
2458
3312
5447
227
1600
7262
7761
5125
753
6547
8444
8929
3659
4227
8783
3573
6873
7585
3481
36
4746
4637
5677
5619
9697
6004
6141
9765
1951
4476
3592
8674
7492
3486
9702
462
4725
4880
4439
6014
8235
9132
890
3267
9034
4150
6389
3683
120
5708
4083
9720
1414
3661
7965
5411
5690
2302
602
9175
4235
4571
3390
932
427
7150
7733
9090
6390
9951
5018
2152
7277
6082
1753
5604
4928
7485
443
3665
1773
8130
8547
9844
7972
7169
3090
734
6176
2894
2166
4933
4647
3663
3034
9171
634
8527
4238
6786
3305
9108
7168
4873
9979
3070
6658
208
8140
2796
7627
5943
4620
583
7589
2919
5682
1264
2616
6391
5212
3000
4232
2486
2632
585
6870
2070
3594
623
4221
4768
9694
1117
4975
7773
7092
6392
5988
5626
6494
4090
756
6497
5970
1689
5762
9701
8160
1736
8855
2322
6577
598
1826
1271
9737
5256
6877
7940
326
864
6119
59
8966
4069
9601
5230
6568
4329
11
1831
7095
624
2767
9429
7957
6565
9894
4510
5898
4563
1937
8366
5942
4759
1328
106
4290
1877
5997
1888
9522
7461
2703
2366
5538
7685
8124
5156
1213
9503
2087
1786
5149
7577
7652
8636
2445
1084
1245
5583
8293
2750
6938
9914
9592
8223
2143
6982
8642
3339
4257
5728
7009
3035
403
4708
7707
1796
663
7895
5839
6859
3228
8337
5684
5822
2877
6487
9338
751
2743
1147
3518
4115
9646
6332
3238
516
3069
1470
5347
5409
1522
2324
5274
2071
4976
3826
1432
6195
4792
4986
1473
8494
4034
4271
2210
3701
8667
7365
5669
6625
962
5075
1413
2731
8503
1509
377
6972
7467
110
7237
4640
2221
9492
5784
4409
1940
1758
3079
6804
3432
5873
2243
4743
4302
1990
5089
6007
6255
7060
770
8163
7944
4736
8883
7084
7294
781
4795
3932
6766
5294
4339
8654
7779
9507
2721
4162
7364
2792
2349
75
8205
9070
1552
7253
5923
4719
6892
99
8257
1719
1662
5710
7616
9368
8717
6507
8204
9631
5209
5843
8087
3412
7656
2929
4266
5289
1074
1188
4381
9480
798
3536
3283
2000
6337
3703
639
7674
2149
6330
6952
790
8682
2408
4562
4566
8495
8094
5766
3100
7672
9682
6304
2651
2883
5441
34
4436
6646
5782
3178
4717
4048
2800
3977
8239
2043
4087
6385
6224
8672
1447
865
9311
7450
6258
7901
9159
3072
6741
88
7723
5103
7203
1134
335
2297
7195
8976
4764
9296
850
3326
3237
4003
4043
6197
9569
7924
9116
8339
458
6768
8593
7824
3516
2814
9939
5584
7876
1439
9271
5455
3457
1738
225
9581
4614
4648
9322
9117
1984
3552
1378
5009
8028
9280
2487
9052
8561
4307
2178
6897
7596
9638
6142
3952
7497
3086
9558
1926
5127
1534
7148
9833
98
1667
872
8528
692
5949
520
5816
5539
3266
4713
384
5255
1204
3862
2161
8105
4417
2288
959
6538
3775
904
8085
4314
5288
1448
404
179
9245
7599
6671
896
9111
1282
4715
3764
5297
5292
7403
5648
5930
2755
9451
8638
1124
117
540
8975
7430
1012
8689
817
4342
2746
2034
2709
6503
6069
9942
6452
991
8993
7962
1615
4189
2164
2625
1
2825
6302
9561
9781
2371
6827
4147
6134
7696
3131
1203
8652
3014
3877
8470
6590
5394
5703
2865
7089
6245
5652
8033
4513
3938
1730
9303
7806
1176
3445
3557
6217
4267
201
5148
9456
7578
6802
9427
6234
1860
4427
5120
6849
3124
3306
8556
4089
1197
2368
7601
1361
5200
2982
5180
341
2676
9703
9278
7142
1823
8480
3642
4240
8542
4990
1539
6317
3011
4217
737
3696
6805
8861
3968
9394
6855
8111
7466
499
4609
7516
9812
90
1100
1541
8914
5352
789
2699
889
263
5329
1660
8703
7482
3476
1968
7828
2570
4181
7191
8532
278
3060
9276
5559
92
256
2223
6605
4536
8541
4848
5714
2461
9563
9544
2147
9282
9517
9877
673
5803
2041
6405
2609
6556
5680
5479
7228
1380
89
2444
6418
8734
6563
2914
8670
5729
7673
7352
5171
5107
7213
6309
409
6632
4386
5240
2532
7303
2035
47
2564
1952
3582
6083
7359
1107
8236
3385
1024
4852
9981
7742
9350
6956
3598
1431
9374
473
2642
1022
866
6316
5146
5142
6959
3760
2144
7413
6439
2771
463
6508
3415
9521
2101
6035
9398
6883
2828
4834
6274
8320
2213
7904
9813
7020
274
4966
3048
45
8074
351
5251
4962
3611
4085
672
9186
4989
2153
1257
5128
6729
9944
4912
5028
3947
2209
4418
618
3884
4804
7968
2150
3939
2175
6057
8694
9535
1154
8109
4830
9692
8608
4973
1570
8840
8176
6397
7603
7874
1705
113
6726
6145
9874
5192
8249
74
5820
9234
8248
561
3597
1352
806
5709
5780
2575
6191
2451
6107
8362
8260
57
7636
3140
7848
4838
8393
7880
6734
7964
9160
7679
867
750
1545
1559
7650
7666
5706
2109
3539
4929
8501
1918
8746
5540
4074
9625
3400
8203
3021
8681
5076
5422
3151
8297
7987
4233
1832
4925
1775
6973
3371
1437
3024
4765
4395
3619
8261
7563
7989
5408
5620
472
5150
1465
2718
1587
4453
3935
9490
5517
6851
965
6909
6328
1556
3591
5206
5765
4751
3286
6136
1546
7059
1501
4096
397
8877
8083
3964
6233
680
4741
4887
4518
7905
6619
7565
3184
2621
1209
4918
8596
3354
8378
2374
2725
534
5896
8082
1835
5869
7157
2517
6760
5160
5395
6843
9015
5513
1310
2063
3146
4982
5904
3409
2369
8127
7506
8567
8661
1343
1383
6131
3625
5707
8935
6409
2729
3229
1331
6902
3905
8897
6638
9039
3187
2985
8924
6450
7082
9585
3556
4829
8872
4689
6402
9965
9842
7981
2702
3551
1880
2687
1484
4219
5396
2050
5549
4301
136
5357
9450
8185
1284
2206
9847
3130
3119
2266
514
8490
424
8427
8151
2423
2115
376
8493
7468
7240
9420
4110
8440
1466
3402
39
9139
8919
1974
55
1399
7366
1899
7698
6399
8478
9341
935
6586
6824
4185
6764
6202
9537
5291
4051
2939
6842
2392
4026
7297
1687
4578
3433
5996
2002
7094
8833
7141
7125
116
938
3721
7200
5011
7260
6084
676
2683
5144
8084
214
234
3022
6780
4289
5925
2927
3213
479
6331
4030
6596
7079
395
3114
1859
5228
4435
8846
2358
1315
7136
5129
9742
1611
7024
4786
8240
5280
7906
63
9732
6941
1453
6442
8496
7423
5596
5223
8383
5413
515
9899
7006
3170
454
2083
5979
5683
4460
4223
3569
2805
4879
4915
3463
3673
4733
9852
8619
3459
1113
1694
2046
7657
8284
3179
3828
9822
1499
8916
7047
2395
8582
6713
5563
4357
8417
8032
9074
4280
7726
9076
9924
7960
6257
8131
9072
3959
5754
1602
9345
3823
9968
7143
5636
6355
7536
5269
2336
9135
1812
1415
4188
4511
4237
6539
7361
6845
6777
9865
6446
7687
7732
3548
31
1291
2665
5298
264
8209
9635
2064
6080
9370
8584
5074
5579
4995
8418
6282
1778
5716
7945
5965
5309
9247
844
4868
5735
3439
5727
5817
7512
4788
2911
5094
7338
2955
5207
465
8686
9355
7186
933
897
6312
2802
8585
7458
3599
3123
5124
2733
5400
4730
8565
4920
3344
9747
2291
3188
5229
2798
3308
442
2790
9043
8046
8699
900
9317
9921
4416
733
6698
7829
1435
8927
3515
2639
2829
9614
4285
4867
3771
4158
2950
9500
7662
6664
606
9095
5098
3083
8255
4485
2987
1837
7543
6803
9576
8237
8592
7922
6005
4413
7605
3317
4987
755
4530
2791
2403
8258
5974
1824
4745
1034
5578
638
8142
4753
5878
1390
3189
3531
6551
4452
2708
4528
9308
4465
5692
4402
3064
710
6009
6030
1222
4992
4561
9002
1493
7802
7513
7816
3383
4379
6612
3907
705
4072
4230
477
8126
7249
3482
1558
949
5398
411
5317
3044
6522
9797
5944
6454
5344
1010
7242
525
9850
924
2768
3734
4824
2442
309
8244
5454
7139
2484
3814
5043
4151
3970
7379
1418
7974
2830
1442
4149
1517
3833
8348
1912
6019
2588
8799
5922
6209
6254
5514
283
7381
3029
4358
2968
2870
4697
2942
5971
7328
3651
9071
3533
5568
9005
6099
8918
1108
2277
7797
8359
2086
6924
8680
6643
7547
396
7030
2553
9910
6113
4705
6743
1056
5731
5881
5764
2918
8060
6569
6189
1564
1754
7841
1194
8122
9788
1104
8317
134
9836
3739
9780
1368
9040
9832
1944
8604
2580
4299
4312
2272
1787
9152
303
5017
1927
188
171
8756
752
5333
3801
9574
1018
7709
1119
5911
7004
5790
233
3870
767
5555
911
2969
5838
1752
2320
4780
6327
6463
6372
9442
7784
7428
2125
6242
9989
1120
315
605
4687
2095
5551
8380
5653
3270
9477
8090
3628
6519
7888
3793
5738
5170
644
1889
8189
7858
2744
6833
3737
1777
5235
5201
2957
1248
471
7193
6783
3480
4495
4779
9339
8520
7023
7767
9554
1867
1958
8061
6581
2959
6967
128
8035
6135
7803
8805
9750
7233
9237
4994
5638
3382
6377
811
8741
732
9096
3062
527
2648
1957
1519
2352
5678
2523
5295
2378
5109
7036
8829
2424
2058
392
9901
7659
5174
4068
5365
5226
4654
3163
3201
5482
2415
1878
9270
6067
4862
5618
559
7263
4762
3588
362
9736
2988
8530
887
7825
2165
6776
5570
3752
3876
8179
8305
3705
7483
584
7523
7101
5321
548
4212
1551
8038
1508
6616
3955
5465
7067
8319
9395
9598
4080
669
6112
8989
8842
7991
4144
5800
9671
7204
9515
2528
6702
2432
557
5154
7429
1233
4876
7155
6395
9082
1389
8
5496
3375
4269
4236
9387
6925
4332
6283
3452
6055
5757
6789
8649
5468
5316
6308
8177
9882
1411
3190
2965
346
3102
1908
3120
9038
9519
5569
1838
8915
6978
6871
8865
9092
4508
79
2832
5980
7481
5646
8514
6162
2308
2906
9957
7216
3081
7226
5085
8155
6229
1454
3889
8847
5906
4467
9941
372
4539
6927
6169
1311
7556
2577
1208
7172
8296
9121
5246
2123
6763
4940
2303
2647
7314
4380
5025
2630
7271
6148
3428
1994
6905
7925
7911
1766
1834
6147
1674
9769
6469
3272
1666
8572
9909
8256
4461
5791
1598
5826
7391
423
6205
5436
6622
1713
6582
7708
1767
986
1422
6451
4298
2222
5613
7274
5121
5633
6885
8092
9136
1017
186
7090
2546
9985
3529
1201
4522
4978
1516
1118
9365
2426
4060
38
2774
431
7340
1114
5506
9859
1225
9863
5928
4319
931
2872
7632
6220
94
3883
8768
4855
1133
7063
393
1887
3368
5509
5
7096
147
2030
6948
4397
8595
4878
6778
2754
796
12
2980
5909
5953
9018
5389
405
7820
7943
5617
2524
1416
562
5493
1202
255
570
1434
3444
1137
3561
5310
7926
2610
9616
3296
1111
942
3866
553
6120
1523
9687
6781
4821
6963
9187
5622
5852
660
9216
8738
1286
5383
5681
3918
1814
9849
5635
2898
6247
6585
4141
4029
8472
3041
4369
314
1482
9425
3307
9988
1355
9404
1468
3931
743
2563
7783
7152
497
5789
67
968
8876
536
5177
2183
6825
150
1634
7745
9300
48
3645
2417
5811
9433
1167
3631
3837
2667
5197
9886
2932
7279
8453
4182
1425
8411
3727
1707
5761
5106
2355
7283
2587
4613
7119
7184
8880
1275
9744
8181
3892
9999
9659
197
7456
3227
9085
8823
9048
2325
9277
8568
347
3031
6259
5204
8870
7594
8450
3454
8388
6102
5267
5111
7884
6267
4224
9857
337
8431
8780
1091
9156
3774
3887
5954
7604
5271
6650
8152
7261
2785
1251
665
3585
9784
5213
5691
6237
888
6480
5908
6910
3032
4013
6971
8316
4861
3920
1446
5385
8438
5836
3243
8676
1375
2764
4840
44
4641
2429
375
4604
8832
9360
4410
2551
4642
3841
3842
5049
476
1900
3647
2533
5264
6681
5050
5887
2623
5179
7455
1584
3958
2407
7224
4018
3055
8810
2685
7628
6548
2356
8936
8713
6457
6032
8979
6689
9557
6458
7037
5987
3027
617
5420
3768
4760
6928
3487
8363
1661
5884
6657
1547
8951
581
9596
4234
3723
8183
2844
7704
1743
6213
9134
589
1307
8193
9729
9783
6860
3003
2851
5273
3148
9778
2526
7808
5279
9644
3636
312
5337
285
6108
1462
9079
2076
4628
2449
7209
2453
9937
9041
9475
8113
6642
4770
6917
3554
5147
1205
9164
2990
8521
8690
2307
4542
4296
6761
5524
1330
5557
4363
9131
8108
8330
7947
5082
6699
6841
2842
2815
5428
4801
8787
7247
2816
3608
2145
8819
3819
9912
1550
9930
1477
9893
1875
6753
5821
5417
2060
4959
5723
178
4892
5374
8134
8781
3018
5998
1995
7267
9540
9650
1548
161
212
8538
565
6704
8845
1679
845
6887
154
9779
6164
8000
7923
5467
5747
9449
7343
8464
3538
7550
276
7775
5835
8095
2520
5883
6852
7615
1527
6300
1526
287
7640
3173
1688
4243
822
5845
4884
9068
2214
322
8308
1618
5366
3241
9219
3686
667
903
2866
7313
8500
9373
5335
7370
6844
6468
8273
3361
7814
6216
8762
600
3357
3039
899
9054
3812
374
1733
9782
3246
9379
1038
7146
1665
6987
1857
1620
3671
2233
3751
2090
582
1953
8664
4169
149
9929
2124
457
6947
3674
3313
9169
7439
3262
8008
9312
655
7076
2249
3832
4617
8180
3001
1170
20
7951
3248
2664
6363
1263
280
8867
8725
1253
2399
3617
3490
3574
1267
5950
9183
9141
4924
4752
4886
9831
7424
741
5351
4193
2612
4756
2607
9200
2541
4875
6919
9094
855
9733
5110
6772
6016
6810
2304
919
7382
7409
3735
1635
2615
2363
1260
4097
9023
3794
7446
4983
82
3847
566
2010
2592
1954
6219
1647
8910
2596
2799
7537
2031
9080
4516
8279
5360
4839
9225
2082
3420
8957
646
9347
8434
7341
5232
7823
3658
9762
164
85
7998
8310
7161
5511
7117
8009
595
6117
1636
2198
8486
3741
4773
626
1760
3091
6070
5370
2251
6124
1479
701
2732
6710
7071
9824
2001
4732
3009
635
526
76
5814
2594
9787
9723
5245
1704
9329
6663
9746
7754
9527
7693
5606
6034
6900
3568
8169
5859
6502
641
1123
7140
5673
5412
8998
2327
4598
7007
1654
1913
8170
4974
168
8073
5108
7854
722
3030
1686
966
1143
5574
2312
5241
3078
1865
7520
9952
3239
4853
8972
3997
1648
3056
5137
1480
4742
7988
9246
5628
7731
5459
4022
6937
6876
2018
8921
9285
1047
786
8355
519
3716
7345
8272
2908
5257
9073
3026
4062
6491
8525
2317
4187
8586
3930
9461
2557
5687
8399
481
6199
7087
4209
7380
2398
4466
4429
5535
6634
3603
296
7618
8253
5014
9284
236
3640
7040
1166
2428
1420
4120
2259
2952
2912
2185
3736
7591
2387
193
3291
6721
1939
9997
6679
7399
148
7749
4078
8214
731
209
7445
793
9884
3845
4961
622
328
6116
990
8091
7398
2605
7498
144
1779
9265
5674
2769
2853
8860
7875
1097
2360
6180
1610
1631
8065
791
9770
3271
9653
6490
5851
9935
5332
3626
8441
9267
5567
1515
4412
8023
8016
5743
5947
5354
1356
7798
6271
1369
4731
3137
6656
5302
9008
5046
4138
6790
3111
8980
318
8346
6066
8708
5478
104
1449
8684
4748
2673
3537
8318
2338
2824
8423
8710
5348
2547
4951
8844
9606
412
2121
4132
8704
487
3223
107
2283
9045
8361
7867
6922
6269
8088
8265
6462
4103
211
568
3298
9319
7587
5035
3089
1971
5363
4902
577
951
131
4446
3655
6798
8769
917
3843
3302
3831
2909
1274
1348
4337
9546
5358
2264
1066
8390
8926
9248
7255
9772
7066
6912
9488
6336
2562
2627
1058
8512
4382
3830
6742
1302
8148
4775
4039
3192
5975
9419
3447
6600
8854
8562
6957
6765
2409
4702
6339
4622
2559
4095
2313
3546
4997
1270
290
3203
6716
1033
776
3635
5760
9916
1613
9301
8451
8911
1599
386
4114
2848
1576
1290
7427
4537
5581
2194
3497
1698
5631
1240
2631
8551
9560
7022
5022
9165
4447
3088
9306
8753
6918
6645
608
8669
3155
7106
7109
874
7941
9800
5032
4890
5819
4378
2910
3809
7634
339
3787
3082
3893
8367
3342
610
5748
8806
177
8066
4777
8923
3092
4101
3729
1879
9109
2820
7503
353
5186
9486
1072
3369
7108
7441
1811
1178
920
5168
2250
1578
3166
4250
7996
2026
2896
247
4871
7068
4313
7997
4729
3185
1392
594
8778
4800
300
218
3424
9549
4611
5787
2781
6369
7010
5217
5117
3138
4757
1976
7437
9897
5882
7448
8334
4325
541
1668
160
1475
8321
4173
1950
7705
2141
42
6026
3331
9272
5369
4468
6822
6022
445
4499
5767
4524
2516
6379
7535
8291
9513
1575
1596
2039
8161
6249
8735
1626
2341
1591
5038
7038
1507
156
4052
1543
3145
7269
546
9062
1745
7949
5140
7699
1528
4064
3530
7619
390
1060
4710
6990
6611
2098
9573
1132
625
130
1321
8702
294
2348
9415
6270
7015
6320
9273
7396
1362
3715
2657
8728
538
785
7410
6635
8424
6542
8765
6659
1903
2629
671
7795
307
3442
3834
5259
666
2758
7474
5451
9796
6074
6075
100
2187
7762
4367
8889
3544
694
7953
9660
3618
6467
4910
3882
3612
3873
1007
7592
5115
579
7202
7005
8452
446
2073
7256
5897
7713
8544
8037
9188
1444
5456
5599
2508
3706
4506
7327
2954
7606
7588
1179
7319
5665
9667
6515
4815
266
7421
430
6676
3806
9330
3969
343
8294
9725
6817
3684
8526
5162
8186
6091
8617
9221
6821
8225
8560
3960
1135
241
6695
2618
2997
3670
2644
8118
5130
8887
2499
5275
61
183
9932
5990
8564
7915
1171
4688
4374
3980
5749
6501
6483
5775
5462
5615
381
4831
7477
5481
1258
4066
922
906
4372
6239
7221
7406
1923
4691
6310
5184
8851
9424
7356
7499
2379
4652
6260
7453
8838
7525
3653
6564
7777
5976
3194
8978
3795
4901
8723
9013
4194
272
543
9586
3484
4900
7527
682
2059
252
9026
2434
1747
8182
8218
1902
7035
2947
1102
7938
7385
1440
8104
2467
3398
4941
2689
1004
8081
9721
8196
6975
8426
7961
5056
5647
8835
327
6890
3242
8834
8570
7995
5234
9775
9649
2431
9887
6744
7999
2696
7210
522
956
3634
8479
3890
8056
4383
8626
5116
1868
401
5667
4711
490
599
3726
1206
9568
7289
4576
4954
9352
3171
2855
4864
2599
4580
3052
7982
718
1139
6861
66
8578
7419
4070
2469
9906
2066
8227
1866
4543
3858
8677
4670
7567
2260
8184
7557
3881
3994
4471
1919
5892
7451
6712
556
749
3776
8141
1152
2531
3711
8328
5666
6054
6573
7918
441
9925
2915
1299
9636
1342
856
819
8159
9336
908
7771
3694
2231
9201
6665
3891
2864
4
5910
762
6071
447
4695
8021
217
6823
6888
2226
6236
2838
8030
2849
6183
5198
5006
3989
6059
5167
320
1227
5985
5867
7387
194
3330
8515
5490
4002
6051
8633
6529
8251
2255
1589
7417
4922
7624
3310
6846
7712
3517
9555
6000
8687
6989
9033
9959
4583
9441
2193
1430
821
7722
4368
7383
5623
9065
5808
7426
7223
4135
1407
1027
6253
7350
9464
6125
9279
2752
3580
7
2979
5379
333
8020
8171
3268
9690
304
6367
6012
4985
4540
1276
1162
2701
9851
6865
3407
4552
6243
9583
3295
8953
21
5296
2120
7384
7316
1504
96
8003
3788
32
4136
2893
7099
6854
2757
3177
8622
4865
4348
6680
8222
1450
2174
3761
9602
7033
8175
6050
9597
3555
7900
4551
2590
8779
2319
3817
8282
5880
3915
6574
8062
5136
9872
1855
2435
7183
4891
7491
1628
9958
70
5173
998
1242
3427
1371
8607
8948
3902
3784
3566
5870
2821
8841
5319
8857
6301
4322
8635
3637
2978
2961
1189
3747
9377
187
9936
964
747
3128
5676
4123
2933
4771
4291
3152
4514
7123
19
6624
3499
8822
4960
4104
1992
8891
4963
4568
3627
3874
554
721
6884
4505
3425
5039
2038
1844
1960
3722
7633
9283
4292
4817
9593
5322
399
3753
6351
5231
4612
5589
2700
2897
6593
6626
9996
3514
5507
4737
6221
5471
6105
604
2316
8333
3974
7893
6231
4287
4885
5823
7955
8098
191
344
270
9006
3122
3372
8125
3202
2891
4371
6785
4744
8197
4218
799
6345
400
4247
6976
3688
8466
2097
8435
8243
7217
3777
2472
6408
1846
9900
3692
8809
8683
650
9114
5510
6835
5486
5375
6365
1807
3458
7227
5795
4014
2977
5222
8178
4807
3263
4624
2826
8750
4606
9405
4220
4473
8001
7230
8174
9123
3803
1756
1656
5448
5071
3260
5176
8457
524
3327
9249
8862
2007
7330
2247
4459
8350
182
6041
8271
2016
1872
9260
5999
7299
6342
2536
6159
6799
2350
846
4787
8786
2133
7622
1538
1364
3799
4105
7729
6838
5590
8665
5605
8292
7346
5029
398
4595
3600
7051
4260
8228
5621
5345
8945
5989
9244
4294
8114
6980
3838
5183
7686
7404
8716
8589
2414
5315
2044
571
6193
788
184
3195
1427
728
9807
6988
3416
2715
2903
3971
3222
4111
8615
1895
4273
3766
2385
9466
2234
6955
288
8581
132
1408
5724
936
6558
9715
1165
5483
6850
8647
9172
2270
6144
7509
6797
2956
7519
9651
1360
6068
7431
4474
6534
3745
6512
4851
6364
5019
2874
3252
8818
5521
4662
4279
877
1196
9819
8132
8898
5331
3028
6262
6964
9731
140
6241
4477
2566
5433
5649
9975
5013
8579
9386
5102
4596
3725
1858
1962
2973
6471
9401
1715
5935
1678
5894
9786
3943
9913
6333
1852
8903
7048
8097
3493
9556
7196
7288
1970
3609
4047
3896
5488
4632
8270
1365
6660
5565
5227
4396
9505
5547
7939
9648
6182
7645
5237
5047
4903
308
3053
6848
3987
3565
6926
1986
1220
7899
6433
7894
523
2772
1301
8996
6636
4593
6394
7539
4472
6644
1020
223
2455
6347
5426
795
5751
5088
5252
2552
567
305
5340
3164
4303
3748
8352
162
659
4152
1496
3247
5610
2146
2181
4393
4785
8712
1235
5994
4351
1941
2027
3925
6943
7434
4668
3511
6831
675
8128
7021
9396
7234
348
4456
3175
6933
3293
6597
9130
5685
1336
3999
5927
2604
8709
9446
6669
4981
5546
631
5958
215
4577
587
5984
7647
9972
8944
3095
9375
6527
5752
3214
9483
6354
3074
7447
4286
4635
9437
1755
8275
3196
4772
172
1159
1417
3730
7088
7508
6264
3888
1252
5806
948
3338
8711
5073
783
4165
1597
9791
2476
4037
3976
2496
5341
2535
507
8157
8510
4582
8053
3604
6602
925
3702
9743
9494
7684
8221
802
1006
653
422
1981
6703
6341
7222
6029
5390
2278
2275
4480
9290
3676
4041
7362
2584
9460
4859
6913
5768
5439
8474
8481
8940
1410
7664
6201
5215
277
3336
9966
4197
7769
955
6155
2936
5986
7920
9093
6718
3318
2727
4365
7620
2305
953
8934
3993
7778
7595
9231
6350
2734
5415
891
3300
1848
7576
9334
416
2343
1280
2376
9481
588
3359
9315
3532
3043
5886
9673
7946
1881
3587
696
8511
2482
7053
2501
2522
5421
4248
6186
9236
2085
973
5042
3581
3276
645
824
5169
6562
1062
8191
9523
5580
7655
3007
8552
3822
356
5607
739
2823
5406
3144
2088
4349
1792
1076
9452
4390
8821
4308
7992
5833
902
3988
5457
8548
8043
77
6170
269
8371
9028
6694
1768
4870
4883
8349
8587
1772
8335
4634
413
6407
609
9495
8136
271
4570
7291
2626
5320
3542
4832
742
937
1969
1334
5476
2886
2656
6675
8624
3652
1524
1536
9679
7559
5034
2510
4679
8668
6875
4373
4425
8678
2156
3695
2638
1149
7758
6662
3198
8007
8949
2645
8396
2902
4081
4226
2555
1065
4326
9790
2806
2384
91
4277
2678
2679
2542
6002
6324
8220
8389
8896
7682
8229
4100
3200
881
6356
1817
6321
8207
8230
725
8964
2655
1727
6447
915
6961
9868
8963
1567
4098
5860
9408
5012
2822
501
4355
5899
9148
5931
6128
4600
3221
1370
2140
7788
1790
2353
4005
6788
5002
4255
1741
5305
2354
8875
5086
4201
435
6747
2013
1405
6482
2136
9388
4231
3804
6167
837
2761
662
7190
9709
9719
6246
6607
1804
1489
3693
3754
550
9704
8379
7834
6295
1568
229
1324
8234
6252
129
3434
4581
2248
2845
2880
6423
1997
6375
1456
4897
1402
3135
9896
9218
2012
6360
4937
5915
5247
2215
2422
4553
4845
124
678
8049
8959
7371
3973
5475
1614
8313
5603
2359
3941
1423
478
9463
6649
996
1734
2974
9711
3524
4350
4776
6226
9834
8517
808
551
6303
1412
8559
2716
5193
1785
3236
7849
1947
8017
4793
7080
6794
3133
1542
2015
8599
4119
7719
1658
7607
8246
4939
4392
394
1283
6015
7298
999
7768
2707
9468
8606
2738
3965
5701
3191
8981
810
9467
2315
3411
4225
1421
3937
7542
2119
8955
9875
4693
2513
420
9128
895
1487
8969
9055
1426
5616
2094
5813
8201
1706
7653
6748
9050
3610
1803
3792
699
7526
2367
6230
5830
9570
1586
3254
3785
8077
9801
8774
6073
8341
9414
3982
8202
5541
5308
9938
8553
3613
1585
5865
4071
9110
9324
3054
6523
549
5225
9514
6796
6739
3451
4356
1190
700
7544
192
4168
7570
5526
6196
9309
5624
6543
460
7132
6028
1621
4858
3278
251
6784
5693
9242
3093
6595
4532
3957
1184
9504
6056
643
853
4735
9426
4869
7052
7128
2803
8502
2155
5542
51
6735
3550
5888
3821
7629
1464
6
3946
4124
5266
1891
1572
2421
1347
9053
141
5912
3621
6942
7753
8698
1082
3520
3417
6366
9582
9994
9676
893
6100
6628
5443
7815
203
2537
2254
2299
4671
7553
6673
3796
2681
4159
668
6762
9126
4763
3134
7377
4175
2975
3322
5318
3075
7325
7678
6472
5178
1949
4433
72
1273
9534
5419
7292
5827
9624
6206
1387
5516
4331
4526
9538
4295
428
1783
2077
6161
8639
9075
4061
6516
1483
71
7835
2102
774
3501
3275
8477
1761
831
5069
869
3105
7394
3769
3040
6882
5055
5777
9869
1303
7651
1911
2606
3638
9063
4137
6832
4113
3560
4366
2295
2393
6618
9684
1632
7580
9305
3829
2780
9024
5750
775
3116
9027
152
4134
5920
3158
985
78
812
1090
8445
6031
7305
4599
1731
3273
219
5262
4503
2901
6707
2674
1557
3084
661
360
406
4953
4000
6357
726
6896
8373
165
8952
2045
7792
7529
6674
6132
8612
494
8403
2162
4498
6750
1856
1851
9047
3986
9633
6045
5532
1795
6420
4469
4813
6531
8332
8718
4414
5956
4338
9217
9416
5914
7273
5138
135
2235
5068
2649
2833
611
5070
7473
9010
4712
9435
914
4722
2167
2321
607
4184
4587
5650
6575
9220
2889
7351
6464
2204
2717
2672
7093
7859
5598
9604
5187
3249
981
5933
9367
7993
2199
2926
6629
2309
6150
8983
2530
143
7401
7985
6436
9184
3282
9528
4442
2127
7937
3985
8554
1583
306
4796
3563
1199
1463
1491
1173
7878
7907
3395
2811
1394
1157
6758
2749
9803
6313
5862
8012
4739
9821
5276
3535
65
5407
8907
5594
54
9961
9763
3211
2498
3319
4360
988
3320
9609
9708
9363
3983
1563
1980
3583
3942
6637
7318
531
4281
5732
5863
674
987
4943
414
3470
4716
204
7268
6223
4496
758
5502
316
7078
1813
4906
9858
1931
8588
7500
8117
8892
5219
5199
3399
4293
4819
5876
4099
4107
3485
5392
6152
4998
7182
8071
9613
6993
5505
6700
8656
2991
3813
9663
4211
9192
759
3894
5740
97
6038
8277
1512
8569
4899
9112
37
5300
4335
7258
3800
8885
6986
5671
3042
9626
1295
8759
6008
8992
8078
2534
3911
4841
6340
9587
7436
1998
5518
7540
5973
1764
1763
9012
1158
7208
4738
4706
6307
8392
510
8058
3869
4126
7254
2495
3523
3012
3714
1395
4675
232
8545
8268
4977
4092
6715
7703
7530
83
9381
7837
1751
5572
4438
7475
1063
8252
713
2723
4602
2809
7194
3657
9674
291
5832
3502
1833
3762
729
7044
4440
9840
6215
8485
2362
6475
261
2400
7238
4019
7887
7948
8106
9411
1436
1011
133
5995
9707
1729
3685
5969
994
2608
5263
4502
6738
5194
9140
6584
139
1726
4554
1246
6571
9088
707
9579
6076
1653
9207
7069
2565
2061
5853
5159
7336
7663
4701
3436
4004
5211
7324
1915
6566
2688
8456
2786
703
9318
3181
1645
1386
1720
281
7714
5440
2154
2163
1708
2887
1150
4262
1359
4942
5304
4354
4893
8353
4643
7574
6864
1500
2858
3456
8550
6256
3526
492
9423
6651
2200
2835
8535
7395
9287
5512
8660
3909
4758
7344
8010
1298
302
6840
6601
3886
3358
5625
6477
5534
9232
2545
8276
9512
8956
9332
8651
5770
4754
8999
1445
876
7147
2481
2726
8906
8931
2122
9289
240
6037
954
7891
1105
5841
464
7706
9726
1742
3632
6063
1983
8443
4321
2294
6730
2777
5054
7531
2778
5469
7097
6185
4809
8933
5802
6414
4808
9194
9066
6641
2739
9686
8121
6118
9253
5164
2262
6288
2916
6749
7425
6752
7192
5325
2763
7799
1161
9250
5286
748
6886
2110
3142
8194
3418
3474
2311
1874
2437
6062
9928
1183
1055
6984
787
7160
5847
3274
167
2418
6111
4889
5327
4055
1075
4028
7639
5550
3824
3255
7360
6208
9445
7173
9120
1319
4694
7179
9562
8577
3351
369
4623
5834
2544
8644
3098
7041
2168
1566
8881
467
6149
5907
4945
7306
7670
5434
7883
4740
323
2186
1617
1085
4033
858
5189
4044
4802
1305
1963
978
997
9145
2913
5376
2976
2924
6097
1318
8524
9529
9325
2310
1808
4794
1001
2096
2195
9798
7135
3353
929
4242
7422
6284
7534
3453
7144
1989
9137
7295
5957
9908
4117
1732
2586
3921
4283
7671
4720
3285
2529
176
9934
6627
6174
3712
8655
6633
2230
3157
9946
6813
373
6940
5097
2331
1193
1353
7046
4527
9022
3570
9621
3864
5134
2337
2804
4698
9923
4419
9321
8153
5941
1384
2287
1127
3364
4443
9472
3689
8054
206
3648
402
4400
8884
8815
2271
3863
9166
9814
5657
2169
4214
4384
8650
2568
6425
521
7126
6322
6588
7892
9210
6072
9572
4559
7420
8211
7487
5778
5090
1935
2057
3085
4504
4011
2475
8866
7281
9292
3391
2747
1130
9628
453
1259
5005
8482
8051
3406
7942
9829
6421
8574
6314
657
8504
354
2023
7977
9735
8483
7181
3872
1757
9642
4958
5901
3289
3954
1794
9501
814
6711
8576
9607
5932
654
9619
7697
2062
3462
9870
4630
6981
9559
3607
6285
389
6024
2351
4948
3522
7315
5399
8543
9471
3589
102
6429
6153
3668
9399
9067
9348
4121
5242
4020
6476
7488
489
9889
6415
7739
6995
2067
1247
2240
6335
4663
6757
8391
9154
4261
3586
9724
7102
5361
2878
2040
4592
8533
1781
237
7127
3125
9867
9698
2776
7590
4394
7646
6812
1862
8025
2439
8997
9689
2151
5877
1627
693
7626
4799
8549
8737
4926
7886
8657
2004
7928
7284
7061
2228
7990
7980
3549
7738
6806
6670
3880
9567
5773
1485
9578
6493
2962
3469
9550
5377
5397
1429
1870
310
5679
6513
9837
832
9691
8513
4297
1525
1337
1975
9320
4805
691
9328
3656
475
248
3979
8247
7827
5895
1901
2818
5323
3649
4079
9739
93
109
6143
9455
367
977
2389
3596
766
7251
9391
2373
3639
7159
8419
9196
2951
3384
8523
8878
8199
6541
7644
4761
6946
9162
4403
5182
2762
4827
2741
7476
4626
7552
4076
5645
6157
1306
3050
6416
9898
3710
8628
6606
2736
9361
1914
6086
1920
8115
6775
2256
2111
8715
9986
6688
4674
6203
5139
345
2519
7342
7740
8415
9839
1088
3857
7869
5849
2784
3846
8210
6759
7800
4573
496
2714
6184
3534
1690
4952
4454
4968
535
7432
1810
7558
6222
723
4040
1897
3527
5166
5753
5343
6204
761
3856
1250
5048
8962
842
8300
7113
6533
628
2238
9382
6126
3936
8143
852
7969
7582
4673
5503
4163
8024
3240
3783
3071
8374
3780
4347
1532
8858
7389
6740
9948
6916
3233
2581
5218
4448
7528
8278
3697
311
8322
8324
3633
6863
8295
2659
4666
6631
7929
9261
4038
4263
4665
7293
9036
8798
8079
199
8429
9393
7555
4714
4428
6210
1458
1682
5871
8116
9436
3106
16
8011
5554
7821
2928
7780
3059
2170
8707
4186
1169
157
1759
1573
9766
7868
6866
5382
4311
493
1216
2827
3141
3104
4108
6774
5637
1593
250
6077
1829
3292
9927
9629
849
7649
3068
3901
6537
127
2466
5254
8013
6677
8755
5793
2989
2548
6286
5497
4437
6095
2042
1317
1928
4888
2075
5362
5311
9610
2093
5016
7055
648
7333
2611
6359
834
2412
2680
4345
2935
4588
1182
1014
2332
6382
940
3471
836
8706
9327
1932
5595
3740
5945
8385
8461
9700
6800
6599
3101
1581
8784
4882
9275
861
6326
5527
7309
3216
2813
1549
2032
7877
5656
3654
6388
1560
1288
5530
5153
7212
6552
3691
4769
9174
8394
685
2074
3871
2128
8018
934
7809
6594
2470
1099
8722
419
4364
2220
4025
8632
6549
4478
5346
3413
3547
4093
5350
9432
9268
8289
3431
6809
6906
4866
537
6536
5639
418
6583
6591
121
1061
1406
2173
8442
3355
3281
9407
4145
8757
1815
2116
6891
4908
4684
9215
1805
7438
4517
6293
7323
46
8941
730
4682
5763
2171
8970
9362
1801
7750
2464
484
1712
8631
7796
4370
1391
1404
4750
6387
9525
5378
1049
3810
3103
332
8859
2543
8370
8653
6040
5746
1344
2706
1057
1200
1624
7623
9680
5952
4154
1452
7110
1529
9103
8232
3019
1151
4249
9176
1476
4046
7597
7564
7134
2789
4603
7016
158
7112
2100
4450
7791
1428
4575
6530
6570
1069
2934
2737
2724
2142
7889
7376
6960
9417
7641
7538
7950
1629
7347
7236
6290
6773
5191
5576
7532
4849
1934
3279
5643
6553
8449
7689
9571
4639
1385
7329
1841
7927
2029
8034
6544
9565
4631
4406
7700
7772
1774
6736
7860
6998
4423
95
3779
5307
5742
342
6682
8696
6298
1876
7000
1793
2497
8351
8758
9511
8986
1052
6934
5064
2857
4254
3234
7872
2871
8602
6311
7725
1561
4700
1717
1327
8874
5688
506
984
3859
4629
4192
875
8675
979
8102
5824
2795
7442
8301
9313
1724
7919
6278
7199
1230
474
2081
2160
1638
5783
4458
8791
8344
1381
8673
5238
1164
9224
8754
8267
7496
5015
597
3347
5464
4455
5737
437
7936
9487
5893
3051
6277
9064
8192
894
30
9000
1255
6535
2695
6587
2745
3750
273
8026
6003
2506
8803
8499
8497
3606
9888
9841
6481
7751
3061
8580
3337
7478
9752
4721
9589
7043
2503
8623
5573
8397
4067
6344
9627
9820
7378
1125
1821
6154
5453
7412
8573
1002
1511
6484
9982
8224
697
1644
6001
8266
7115
9545
9493
803
4916
1639
3584
2860
2859
3047
2554
336
2940
9590
1978
2719
1836
9802
6178
8939
8368
1497
9497
8409
9595
8436
6489
1555
5084
4049
8843
9457
5474
366
6655
3036
8340
3815
5818
4683
2280
3139
6129
3879
3731
2945
4007
1853
4161
6545
1268
1946
8826
5588
930
7668
7870
2126
1221
7188
8620
8794
8100
8990
2882
9730
17
1565
3672
1142
8736
7715
4054
9177
8463
7014
6603
8760
7165
8695
4847
6808
5522
1664
6349
7549
1241
2561
7840
3149
226
9124
4084
6036
3995
5807
6412
6920
6088
7302
1180
9892
9854
1696
4857
8288
1472
7963
3802
313
8894
4148
4664
9835
207
6025
7522
5221
3849
960
4789
1873
1798
4449
5812
3115
4724
9163
8804
974
6227
6422
636
6717
4520
221
2662
862
5850
5699
1278
9291
9118
2201
3757
9496
4316
1471
882
5591
1036
3789
4680
1236
9384
6954
2113
6473
6158
9963
8467
4616
827
5249
3949
235
3352
2730
8306
6106
2192
912
7517
24
1961
7220
784
689
6214
1588
2176
586
3215
8446
8796
421
4305
6668
5445
5913
7871
4584
3508
1685
9713
9150
5771
3850
3206
2846
2
4965
142
5905
4932
8575
5642
9233
3867
3212
835
3348
151
7130
1820
9647
3496
7300
3008
504
4534
3778
9815
2490
4086
7521
6771
4131
898
8398
7083
28
7625
4783
801
1279
4362
7452
6289
1244
7571
592
1942
3343
6200
9125
1294
9007
1936
6238
5857
6525
7518
8430
8748
1277
3805
7490
8705
8208
760
3615
9675
1048
3500
4229
9485
2196
5712
1393
980
4361
9197
3660
5856
3724
4036
2512
1388
6951
2890
5368
871
5196
9476
545
2852
3143
1518
1214
6166
4615
114
2051
434
7025
3933
8039
6404
5065
2735
5112
4935
5586
4728
9846
5007
8856
8309
4142
7027
2006
825
3127
2203
2191
6207
7320
8070
8365
1788
5991
6969
9615
4825
5220
4190
1045
4333
8168
841
4927
716
5096
5268
6524
3154
9354
7890
253
633
512
6579
9856
4207
6968
2722
9575
429
5190
62
4979
4411
6146
5948
6315
6807
8863
174
1948
3020
9827
1382
1521
3733
9860
9518
652
8785
7976
6218
6296
8187
7120
7856
2078
621
1854
578
1481
8325
8455
1699
5544
7861
614
9643
49
7074
8613
1809
7440
3299
9239
8591
7056
4685
9792
8287
3226
3460
3450
6500
8645
4877
9785
3825
4921
7103
7085
6090
3207
7018
8922
1642
7844
9705
5523
380
1309
2921
8347
2972
196
8063
4256
9603
1226
1175
4244
8089
7898
1223
1341
4376
4241
3110
8766
2072
3378
6299
9378
6444
4375
2861
3136
4996
2643
7903
4709
3176
637
765
6826
4931
2500
9825
8387
449
6198
5101
2658
5659
103
4176
8733
5425
6592
231
5063
1128
6361
5663
4017
4118
1659
3914
5792
1675
8231
1922
8942
7154
8720
2507
8744
885
2690
8096
9489
9502
350
8112
3341
2595
2411
1513
7916
6228
329
8506
2468
4483
4660
3380
352
6393
5487
909
2677
8701
2485
3681
3065
3746
8042
649
5686
9299
4993
9364
1467
8831
886
2992
9949
8129
5917
4810
6550
1680
7902
319
4170
2797
4956
4895
3919
5537
7116
7979
5981
7028
8326
878
6093
3366
6044
5730
6017
9293
5248
4766
6977
5889
9693
3437
9288
3718
794
29
6023
9389
6923
686
4512
8343
9552
9101
3002
3323
8103
7170
3667
2862
2329
1595
4778
40
60
941
6793
9920
2637
2540
3897
6504
7241
8015
8425
9789
1710
4991
7807
4489
4245
4246
8764
7407
664
4500
2518
3900
9953
8040
8162
3199
746
3559
6486
7252
1297
3576
1269